2.59
2.482
2.438
2.454
2.592
2.908
2.792
2.43
2.584
2.526
2.613
3.47
5.951
2.5
2.548
2.722
2.488
2.553
2.653
7.63
8.035
0.138
2.603
2.423
7.387
2.742
2.563
7.416
2.66
7.638
7.724
24.051
7.381
2.822
2.376
5.32
14.651
2.532
2.301
2.332
7.69
7.45
2.259
2.333
9.574
2.393
2.277
2.381
2.427
7.422
3.209
4.191
3.097
2.199
1.996
7.311
1.908
2.172
1.925
2.318
8.531
7.23
1.969
1.933
2.041
1.909
2.046
2.304
2.044
9.175
2.097
23.148
7.454
2.041
1.96
7.285
1.881
2.025
2.265
2.294
1.874
2.038
7.603
1.969
7.051
1.971
2.066
3.286
1.938
2.154
5.533
2.159
7.206
2.239
1.921
2.76
5.038
22.795
7.036
3.218
0.234
2.137
1.983
23.342
2.024
7.282
2.114
2.005
1.978
4.776
1.873
1.837
2.415
2.014
7.095
2.165
7.115
1.996
5.199
3.032
2.008
23.092
6.579
6.96
2.003
1.985
7.08
1.99
1.944
1.957
1.916
2.032
1.946
2.213
2.254
2.039
2.082
1.286
2.087
2.088
6.797
2.055
2.037
6.977
6.988
4.087
7.382
2.044
2.042
2.19
1.873
2.088
6.819
2.008
3.494
2.125
5.067
6.614
8.639
5.036
2.123
6.868
2.156
2.02
2.005
2.931
2.3
2.032
4.884
0.053
1.817
2.134
1.912
1.968
23.158
6.263
1.806
1.843
3.005
1.784
2.791
1.859
1.866
3.433
1.891
2.027
3.257
7.214
7.425
2.727
7.149
1.989
1.795
5.154
2.088
2.174
1.995
2.09
2.018
2.321
2.124
2.056
5.168
7.57
1.885
1.929
2.049
2.037
2.276
2.096
2.958
2.987
23.756
1.886
2.034
2.145
6.553
3.42
1.883
6.943
23.59
6.902
2.036
7.317
10.49
7.374
2.068
1.831
5.957
6.605
6.13
3.275
1.84
1.925
7.157
2.777
1.845
6.959
6.369
2.192
1.758
2.928
6.526
2.143
2.13
1.284
2.731
3.052
2.117
7.265
7.199
1.941
1.87
7.438
0.222
2.142
8.058
2.135
2.748
2.084
1.97
22.905
7.306
1.998
2.055
2.007
2.047
9.914
1.974
6.843
1.83
7.176
11.317
6.758
1.982
2.215
2.02
2.21
6.866
2.334
1.86
2.068
1.878
2.813
7.629
1.982
5.769
6.703
4.538
2.215
1.345
2.057
7.134
6.773
6.929
1.976
7.226
1.774
7.006
6.965
1.737
1.884
1.812
1.803
1.97
6.955
1.975
1.937
1.884
2.252
2.11
2.108
2.203
6.612
1.991
6.399
9.769
6.199
2.009
2.007
7.296
6.244
6.176
1.981
1.828
1.981
1.885
2.085
1.881
1.841
6.156
6.003
6.126
1.868
2.836
5.523
1.733
5.627
5.667
1.644