7.849
7.643
7.951
2.967
7.532
2.833
7.365
7.642
2.607
5.663
7.462
5.264
2.94
7.347
2.663
2.629
7.748
7.701
2.82
2.907
3.144
0.507
7.601
2.588
3.407
3.076
7.513
3.334
3.437
7.817
3.147
2.067
2.162
6.746
2.283
2.151
6.799
7.253
7.241
2.348
7.072
2.489
2.085
1.774
1.771
6.681
2.217
1.999
7.352
6.967
6.644
2.589
7.1
7.009
7.185
7.211
1.72
6.702
6.752
6.747
2.423
2.216
3.341
6.918
6.68
7.154
2.519
23.732
6.548
6.733
4.195
7.037
7.126
1.984
6.643
1.972
2.033
2.314
6.719
6.701
3.126
6.464
6.878
6.831
7.108
2.176
1.978
6.848
6.959
5.432
7.087
6.899
2.106
2.971
1.851
2.184
2.949
6.829
6.666
7.898
1.937
6.668
6.79
2.008
2.036
2.671
7.892
9.63
2.242
7.155
6.61
7.384
2.012
2.815
7.186
9.347
2.299
7.163
5.102
2.205
6.866
2.557
2.084
7.179
23.811
6.997
0.432
1.895
7.078
2.165
1.936
1.99
1.954
8.909
2.058
6.588
2.143
6.861
1.975
6.731
2.701
6.479
7.145
2.518
7.087
6.675
6.724
6.188
2.767
2.449
5.394
8.344
2.682
1.873
2.512
6.585
6.875
2.095
7.086
6.854
1.985
7.037
5.085
1.979
2.361
2.122
6.918
2.179
2.088
7.467
2.166
2.54
6.652
6.577
7.047
6.852
7.278
2.028
2.074
2.194
6.505
7.022
7.341
6.738
2.584
2.635
7.437
6.972
6.39
2.122
1.914
1.772
2.242
6.988
1.836
2.054
7.473
7.035
2.538
6.948
5.095
6.979
2.518
7.038
7
2.073
2.84
2.078
6.493
1.801
1.796
2.084
2.005
8.773
2.04
2.05
6.874
6.48
2.07
2.537
6.669
6.323
6.68
6.362
6.35
2.027
22.803
7.441
6.4
5.772
2.035
2.77
2.88
6.355
6.213
5.758
5.858
1.867
5.471
2.533
6.867
1.769