2.247
5.39
2.92
3.655
2.457
2.147
6.819
2.641
9.651
2.501
7.711
2.802
2.582
2.724
10.867
2.17
10.523
2.536
3.011
3.599
16.187
3.202
7.018
4.123
2.825
4.66
2.428
2.389
7.494
9.187
37.606
1.857
2.446
34.79
2.089
4.422
3.73
3.014
1.985
2.808
4.043
1.973
7.434
2.201
8.214
1.896
2.055
3.926
1.989
1.967
4.622
1.878
7.661
2.98
3.085
6.888
7.212
2.764
6.133
3.176
31.07
3.03
0.527
2.731
3.233
7.809
6.325
16.441
1.965
25.982
59.362
7.623
1.789
2.225
3.752
3.876
7.464
10.478
2.213
3.582
1.942
2.042
2.074
2.722
2.571
4.149
9.402
8.592
2.362
3.423
2.421
4.359
5.176
2.851
5.276
2.862