0.938
2.848
1.05
0.924
2.092
0.929
1.123
0.989
7.688
0.916
9.561
6.767
1.013
22.627
1.02
13.774
13.13
3.874
45.084
0.9
0.863
1.03
42.87
14.347
30.007
42
16.209
31.904
1.152
0.905
9.719
3.719
7.373
14.83
1.142
0.678
43.301
1.467
8.524
1.072
1.368
0.19
0.767
42.903
2.794
1.287
1.534
1.146
14.284
0.896
44.061
43.532
0.82
0.826
0.897
44.541
8.332
0.877
1.166
0.952
1.486
2.678
59.83
4.543
14.905
7.665
0.913
1.819
0.745
2.679
3.494
42.286
40.171
10.407
4.269
9.903
0.785
7.837
0.838
0.805
1.499
28.649
2.075
23.47
1.034
40.605
0.933
46.304
2.158
41.084
1.719
38.244
59.852
1.389
38.765
11.729
3.369
0.044
2.374
0.76
0.754
0.714
1.722
21.405
0.712
0.759
2.428
0.728
0.869
0.885
0.734
0.787
34.743
42.331
0.723
3.74
7.677
0.914
31.953
0.668
21.699
0.653
30.023
0.682
30.854
28.239
1.654
14.063
0.661
13.927
0.624
1.536
22.676
0.652
5.652
20.919
4.086
55.352
0.617
0.618
3.125
12.177
2.142
15.128
0.046
22.264
1
25.151
3.908
23.562
2.108
22.989
0.628
0.852
0.994
2.604
22.455
1.066
1.07
0.735
2.57
0.648
0.705
14.215
1.004
28.331
0.795
1.446
0.636
2.583
0.211
16.096
26.803
1.083
29.843
0.317
0.83
0.678
22.655
0.713
0.751
0.704
19.607
32.039
28.055
0.71
0.711
0.753
14.011
17.244
0.667
2.775
6.668
0.741
0.697
6.24
35.076
0.923
49.041
0.672
54.266
0.696
31.164
0.823
0.674
0.242
0.771
8.85
32.178
5.131
10.102
0.693
0.691
7.928
0.767
0.821
6.819
4.999
0.209
0.705
29.943
21.452
0.742
5.369
0.682
2.769
6.113
0.236
4.281
5.08
4.094
0.687
0.922
2.082
0.736
1.299
3.107
0.842
0.658
34.205
29.439
1.407
33.462
0.763
1.757
28.893
0.69
0.774
15.886
0.838
2.865
0.675
4.632
18.913
32.824
7.136
31.253
10.272
3.703
7.59
31.151
0.706
8.847
32.672
1.229
17.227
0.687
0.055
0.726
2.642
0.897
5.873
23.996
0.684
1.727
3.096
0.984
1.792
2.9
4.379
0.911
1.097
0.97
0.691
3.482
1.72
0.692
2.081
0.795
2.433
0.649
0.689
15.62
3.991
0.914
2.005
39.524
5.056
26.317
0.666
3.036
23.124
27.974
5.42
29
0.778
1.016
5.139
0.673
3.86
28.246
0.681
1.57
0.668
7.906
1.159
1.808
4.563
0.196
0.767
0.683
18.569
0.21
4.373
0.791
16.522
1.522
1.174
26.049
27.034
0.643
3.984
0.643
28.733
0.735
0.193
1.428
27.679
4.952
1.051
13.244
29.659
32.028
29.294
4.739
0.651
4.651
7.892
1.514
1.124
3.984
0.686
46.613
0.689
0.713
30.014
0.69
27.678
40.598
0.673
31.527
31.694
30.031
29.794
1.588
46.133
0.654
47.353
0.681
4.13
4.98
19.302
0.926
0.054
0.975
23.65
20.979
3.49
2.532
0.623
0.941
0.644
23.942
0.641
0.735
0.627
21.743
27.022
3.811
6.734
1.159
0.912
11.963
5.265
19.736
41.849
32.013
0.652
0.046
1.473
0.663
24.013
3.942
8.953
0.639
1.209
0.664
1.223
23.627
0.978
0.676
24.154
0.857
0.664
0.658
3.755
0.683
21.984
1.99
0.827
21.421
23.346
20.9
0.689
0.739
0.716
0.676
0.785
7.714
0.684
3.482
0.706
0.68
1.669
0.641
12.162
25.064
25.582
0.977
24.575
44.499
2.925
0.696
0.695
13.376
9.38
2.898
4.072
7.333
2.516
0.718
21.514
0.636
23.386
0.65
23.996
1.108
0.666
30.515
0.707
25.476
2.801
1.407
13.296
4.681
26.776
21.368
11.04
30.889
20.523
0.652
31.193
26.774
34.649
6.913
36.237
0.819
0.703
26.363
45.935
0.676
36.088
1.339
35.025
26.35
34.176
23.947
5.049
37.992
8.101
2.358
29.184
0.729
0.73
0.688
25.7
0.046
0.672
30.415
36.814
0.683
34.84
0.692
0.656
5.826
0.64
27.912
0.772
2.31
2.729
0.688
32.204
0.691
29.774
32.412
1.124
1.748
22.964
0.688
1.089
34.14
32.396
0.656
38.459
28.674
1.101
0.669
24.827
0.654
4.309
24.979
0.71
13.258
0.647
0.619
22.738
2.067
44.323
12.616
25.427
0.662
0.822
19.921
0.732
0.701
0.65
1.789
0.65
27.012
27.409
0.748
0.32
6.09
0.83
22.12
2.397
6.656
0.626
15.293
0.621
0.645
19.791
0.642
4.403
22.989
0.738
0.191
0.604
49.065
1.161
8.119
0.667
0.708
0.739
2.384
0.801
0.787
0.821
0.747
4.041
0.69
27.827
31.716
33.887
0.745
0.702
1.424
28.912
2.225
0.861
0.768
1.04
33.552
23.737
37.931
1.043
1.692
0.679
29.051
7.276
0.768
35.62
2.604
32.174
31.027
32.78
0.686
32.468
18.607
0.689
33.861
0.678
32.04
28.522
1.799
4.773
0.662
23.301
26.233
1.167
1.675
0.675
5.987
0.207
1.718
0.715
1.066
0.689
0.78
1.047
0.689
24.15
55.508
1.702
22.615
42.203
1.715
3.008
23.228
3.114
0.886
1.031
0.724
0.638
0.716
0.043
17.666
0.532
0.143
2.417
0.587
3.129
24.522
19.712
0.604
22.469
2.407
18.84
24.809
4.486
12.008
0.623
41.386
24.858
0.661
0.635
0.637
25.888
21.658
22.99
0.703
0.676
1.012
3.8
0.684
2.324
2.034
1.023
0.692
28.509
0.646
17.424
0.652
0.689
0.803
29.81
0.713
1.443
24.125
0.936
31.011
0.867
0.832
28.572
28.684
18.358
0.663
0.759
32.384
0.666
0.643
0.695
2.228
0.727
1.123
0.745
17.613
5.818
27.353
27.336
34.872
3.32
6.812
0.725
0.698
2.456
0.942
20.524
0.663
32.943
0.698
10.134
0.817
0.792
4.385
23.054
11.625
0.625
0.816
1.081
0.208
21.33
22.468
1.317
0.642
0.691
0.664
0.655
0.056
1.333
2.883
0.696
25.298
0.638
26.47
4.652
0.68
0.679
22.445
20.229
0.625
22.407
28.993
0.626
0.804
1.67
3.738
0.659
0.803
46.741
2.699
1.159
50.976
0.621
13.69
0.649
24.524
1.908
28.438
0.67
0.687
25.755
2.373
0.72
0.678
0.689
2.487
27.951
0.658
1.308
0.745
0.679
1.149
24.02
0.65
2.095
21.059
0.65
1.754
0.738
0.65
0.213
0.631
25.021
18.747
1.775
7.17
24.924
0.601
0.613
0.665
24.577
4.407
20.856
0.63
0.909
0.047
0.635
0.654
31.56
26.821
49.575
5.746
0.626
24.748
26.533
0.625
35.64
0.606
0.615
10.296
12.189
2.418
0.697
0.884
24.984
21.95
0.645
22.824
13.103
19.002
1.011
0.694
4.044
0.697
0.633
0.783
2.213
17.639
1.078
1.081
0.945
23.069
3.424
1.801
25.24
0.62
1.06
0.732
21.259
30.61
0.84
0.666
6.509
0.658
0.709
28.065
0.762
0.652
10.26
19.835
9.387
19.276
28.639
0.616
0.662
1.256
29.218
4.291
0.671
0.623
2.175
1.687
0.717
1.161
2.396
1.295
0.832
22.876
0.678
0.952
3.438
45.501
24.052
0.681
23.641
0.648
3.024
2.92
0.884
2.045
32.444
0.908
25.378
0.712
0.702
25.049
7.317
2.208
0.697
0.703
29.426
1.202
1.895
1.284
1.715
22.826
0.897
0.68
0.714
25.65
5.347
26.998
0.646
0.876
4.624
1.161
0.663
28.329
27.328
2.15
27.276
0.921
1.626
1.198
0.686
0.671
29.447
28.068
0.37
0.655
50.691
0.649
48.196
4.404
28.702
1.861
1.272
40.425
0.677
0.65
3.24
0.98
11.398
5.307
0.684
23.749
0.75
0.755
2.1
0.643
1.243
0.804
23.419
0.228
0.697
2.132
22.686
23.716
0.603
0.755
2.345
0.246
0.645
0.963
0.46
24.492
29.772
0.943
0.685
23.831
0.704
0.044
15.642
15.484
24.259
0.912
0.672
4.396
4.371
0.81
0.713
0.67
5.428
0.994
4.976
0.776
0.869
23.267
0.671
0.658
25.411
23.893
1.046
19.822
4.056
2.236
2.751
0.728
0.674
0.992
45.895
2.763
41.788
0.649
3.74
0.818
2.722
24.59
25.023
0.778
1.832
22.841
0.791
0.638
2.86
0.649
25.719
2.89
0.922
0.65
25.141
22.796
0.756
25.289
0.673
0.846
22.207
0.635
0.707
1.413
3.754
10.465
0.641
3.38
0.911
0.622
0.936
26.801
0.719
0.737
25.542
23.584
23.78
0.65
52.502
3.272
8.819
0.98
0.67
0.654
1.009
2.915
0.673
0.706
0.66
6.652
0.655
0.653
12.519
0.619
26.848
0.695
26.025
33.625
0.608
0.677
22.467
0.59
14.934
9.243
1.29
1.469
1.4
0.715
1.435
0.723
1.497
23.342
0.756
0.89
0.672
21.24
0.695
0.764
24.966
0.718
0.97
5.254
0.669
0.377
0.212
1.006
0.652
3.775
22.736
0.688
0.749
0.706
0.664
0.321
3.66
0.663
48.97
4.089
0.645
7.476
7.396
28.096
26.228
0.619
27.08
24.562
14.089
0.75
0.688
0.696
1.003
8.097
21.553
18.204
0.697
24.934
7.156
0.772
1.709
3.7
11.434
2.785
0.755
1.542
1.741
2.949
1.452
1.324
20.896
0.68
0.659
0.862
0.788
0.704
0.685
0.672
0.665
0.913
1.66
1.981
1.677
0.662
0.641
33.393
27.728
14.845
35.959
6.387
0.682
31.325
34.638
4.536
30.84
4.872
16.748
31.914