1.013
1.028
1.01
1.065
1.02
1.117
0.992
1.07
1.062
0.999
1.058
1.045
1.019
2.12
4.571
4.266
1.046
1.048
1.079
1.033
0.941
0.994
2.291
2.327
0.065
0.973
0.939
1.261
2.136
3.567
1.124
0.964
2.154
0.985
2.397
2.127
13.986
2.284
1.168
0.853
1.811
2.436
0.846
0.852
0.841
2.39
4.074
0.855
0.893
2.805
0.879
0.849
0.917
1.023
2.209
1.973
2.535
1.286
1.16
0.939
2.216
1.012
0.989
0.968
1.082
8.089
2.257
0.979
0.977
0.882
0.872
0.879
0.946
0.903
2.427
0.943
10.032
2.501
0.956
0.894
3.718
0.847
0.916
0.945
0.944
0.891
0.879
2.175
0.893
3.905
0.817
0.807
2.143
0.816
0.794
4.304
0.772
2.353
0.777
0.778
1.401
1.818
10.501
2.233
2
0.238
0.841
0.829
13.061
0.867
2.103
0.915
0.873
0.879
3.118
0.79
0.777
0.936
0.861
2.051
0.842
1.937
0.856
1.738
1.813
0.821
9.847
1.908
3.644
0.876
0.829
3.739
0.894
0.898
0.892
0.865
0.808
0.841
1.007
0.829
0.811
0.841
0.825
0.832
0.855
3.413
0.784
0.796
3.631
2.074
2.167
1.894
0.806
0.789
0.768
0.797
0.789
3.749
0.808
1.245
0.875
1.591
1.938
2.364
3.088
0.752
1.842
0.777
0.79
0.781
1.768
0.783
0.79
1.818
0.058
0.834
0.773
0.821
0.844
23.048
4.911
0.818
0.87
1.839
0.846
1.819
0.83
0.791
1.377
0.866
0.858
1.184
2.083
5.707
1.11
3.681
0.849
0.868
3.162
0.894
0.903
0.844
0.82
0.828
1.026
0.798
0.817
3.112
2.432
0.807
0.832
0.958
0.818
0.824
0.803
1.023
1.725
13.191
0.795
0.796
0.839
1.983
2.044
0.81
2.046
13.053
2.079
0.805
3.749
2.834
2.065
0.823
0.844
4.836
5.28
5.168
2.006
0.74
0.823
3.878
1.807
0.771
2.161
3.256
0.847
0.82
1.832
2.212
0.89
0.864
0.792
1.622
1.809
0.873
2.174
2.115
2.26
0.816
3.801
0.249
0.791
2.467
0.837
1.365
0.804
0.85
9.753
1.999
0.817
0.85
0.875
0.887
2.167
0.852
3.715
0.799
3.749
4.503
2.026
0.784
0.773
0.818
0.819
3.296
1.111
0.8
0.833
0.781
1.067
2.077
0.809
2.486
1.953
3.162
0.788
0.738
0.799
1.982
1.919
3.8
0.765
2.111
0.747
3.836
3.916
0.848
0.784
0.965
0.854
0.804
2.555
0.837
0.863
0.856
0.865
0.856
0.871
0.865
2.021
0.848
2.153
7.968
2
0.835
0.962
2.391
2.258
1.855
0.844
0.837
0.857
0.855
0.874
0.851
0.872
2.112
3.375
3.415
0.809
1.67
2.912
0.778
1.911
1.747
0.724