1.499
2.695
2.78
1.54
1.526
1.525
1.483
2.193
1.495
2.923
1.546
1.466
1.519
2.909
2.749
2.698
2.986
1.449
2.814
1.564
0.927
0.898
0.954
0.899
1.787
0.896
0.912
0.968
1.734
2.631
2.437
0.859
1.77
0.947
0.992
0.942
0.898
1.717
2.292
0.984
2.251
0.958
1.777
1.812
1.002
2.173
1.001
1.028
0.897
1.711
0.936
1.786
0.893
0.903
2.269
1.122
2.539
0.895
0.924
0.885
2.268
0.906
0.877
2.499
2.335
1.184
2.452
1.425
0.948
0.995
1.033
1.805
1.715
1.167
1.706
1.746
0.985
1.859
0.954
0.951
0.947
1.849
1.093
2.317
1.766
0.932
0.947
1.741
1.05
1.727
0.913
0.985
0.938
1.887
1.968
21.716
0.99
1.041
1.061
1.004
0.922
0.907
1.053
1.059
0.986
0.948
1.108
0.951
2.542
2.338
1.91
1.09
1.073
1.03
1.034
1.131
1.172
1.081
2.547
1.041
1.895
1.26
1.044
0.995
1.184
0.947
1.873
0.953
0.956
0.99
0.956
0.951
1.79
0.887
0.863
1.098
0.94
1.957
1.796
0.901
0.986
1.008
1.806
1.01
1.003
2.152
1.69
1.757
1.771
1.797
1.761
1.729
1.678
1.787
0.94
2.541
0.868
1.887
0.891
0.966
4.39
0.896
1.004
1.807
0.919
0.963
0.899
0.937
1.746
1.178
1.732
2.235
0.943
0.924
1.743
0.94
1.799
0.919
1.069
0.935
0.927
0.887
2.588
1.832
0.96
0.935
1.019
0.914
0.886
1.853
0.976
2.522
1.003
0.985
2.537
1.876
1.869
1.386
1.797
1.748
1.738
2.231
1.735
2.311
0.98
3.181
2.651
1.784
1.744
1.685
0.992
0.892
2.34
2.385
0.891
0.898
2.431
1.746
0.864
0.871
1.079
0.902
0.908
0.911
1.778
0.926
0.893
2.397
2.534
0.313
0.939
1.659
1.076
1.247
0.94
0.901
0.925
0.88
1.759
2.253
0.854
0.92
1.752
1.707
1.222
0.89
2.063
0.87
2.419
0.893
0.875
0.886
1.727
0.861
0.885
1.261
1.798
2.536
2.941
1
1.005
1.775
2.374
1.131
1.759
3.12
1.762
0.975
1.71
1.115
1.739
2.146
3.554
1.603
1.107
2.308
0.961
0.893
0.872
0.827
0.815
0.853
0.862
9.804
0.895
1.81
0.899
1.182
2.526
1.201
0.892
1.738
0.981
1.243
2.25
0.941
0.915
1.774
1.242
1.162
1.695
2.249
0.895
2.263
0.938
2.381
0.946
1.472
1.781
1.651
0.898
0.057
0.852
0.914
0.907
1.629
1.636
1.697
0.963
1.686
2.382
2.488
0.864
0.856
2.541
0.894
3.956
2.809
1.725
1.658
1.054
16.245
2.429
2.238
1.721
0.929
0.911
1.004
1.663
1.597
0.858
0.865
2.25
4.827
0.813
1.697
0.841
0.856
2.071
1.233
0.897
0.867
1.692
2.391
0.832
0.853
1.865
0.891
1.697
1.714
1.727
1.679
0.909
1.601
2.167
1.625
0.871
0.878
2.464
1.098
0.904
2.234
2.378
2.279
0.837
0.871
1.75
0.843
0.886
2.185
1.726
0.916
1.011
1.718
0.959
2.299
1.662
0.924
0.845
0.85
1.743
1.817
1.058
1.02
2.471
0.901
1.849
0.972
0.953
0.981
0.99
1.812
2.604
1.854
0.946
0.94
1.324
1.726
1.708
1.192
1.786
1.735
0.944
2.538
1.778
0.903
0.913
0.996
0.942
1.849
3.662
4.25
1.747
2.163
1.677
0.909
0.907
0.95
1.029
0.912
2.423
0.877
0.921
0.927
1.709
1.717
0.867
0.935
1.756
1.844
0.906
0.918
0.901
0.929
0.903
0.977
0.921
2.499
3.275
0.894
0.87
0.893
0.916
1.825
1.934
0.845
0.931
1.117
0.968
2.479
3.033
0.931
2.812
2.422
0.986
2.575
0.958
2.45
0.941
0.851
2.502
2.34
0.965
2.244
0.888
1.645
1.638
1.693
0.881
1.632
1.054
1.682
0.865
1.667
0.821
2.183
0.816
0.925
2.33
0.896
2.248
2.157
2.412
1.021
1.481
0.316
1.764
0.964
0.947
2.381
0.924
1.28
0.969
0.998
1.68
1.081
1.774
8.352
2.463
0.896
0.864
0.84
0.827
0.943
2.351
0.926
2.384
1.837
2.42
8.453
0.941
2.319
2.284
0.931
0.978
1.838
2.551
1.782
2.405
1.778
0.977
1.182
1.639
1.784
1.726
1.668
0.83
0.889
1.707
0.904
0.886
0.892
0.864
2.346
1.778
1.478
0.885
0.06
0.897
0.944
1.742
1.665
1.696
1.081
2.234
2.497
2.259
0.945
1.366
0.977
2.347
2.367
1.644
2.064
0.938
0.846
8.66
1.994
1.645
1.624
2.319
0.873
0.865
0.813
0.769
0.764
0.842
0.865
1.902
2.672
2.326
0.879
1.697
1.677
1.63
0.894
1.711
0.884
1.666
2.099
1.921
0.883
1.67
1.732
1.712
1.673
1.779
0.847
1.617
0.857
1.817
0.895
1.102
0.882
1.927
0.931
0.834
0.99
2.393
2.482
0.925
2.441
0.931
0.878
0.92
0.928
0.938
0.957
1.115
1.743
1.045
0.961
2.515
1.207
0.399
0.993
0.917
1.778
0.956
0.968
0.957
1.745
0.919
0.921
0.976
1.017
1.842
2.222
0.92
1.764
0.886
0.931
1.793
1.735
1.703
0.906
0.932
2.328
0.936
3.646
0.98
1.081
0.906
1.842
0.937
0.957
2.316
1.677
2.152
0.943
2.024
1.809
2.281
0.954
0.919
1.706
2.322
1.78
1.011
0.968
2.358
0.923
2.26
0.998
0.893
1.718
0.919
1.673
2.211
8.661
0.84
1.667
1.787
0.873
2.387
1.729
0.928
3.054
2.445
1.725
0.924
0.866
0.891
1.745
0.921
0.898
2.406
2.279
10.098
0.945
1.808
2.437
0.923
0.918
0.889
0.923
1.67
0.916
1.744
1.726
0.849
0.959
1.678
0.876
0.908
0.883
1.748
0.857
1.039
1.718
1.258
1.809
1.737
0.958
1.893
0.971
0.916
1.69
1.707
1.705
0.86
3.625
0.993
2.589
1.747
2.286
2.224
1.166
0.897
0.901
1.685
1.752
2.393
0.918
2.353
1.687
0.871
24.151
0.876
1.708
1.698
1.635
2.489
0.832
0.915
2.265
1.741
0.848
1.69
1.094
0.874
0.868
0.848
0.831
1.674
2.486
0.886
2.391
1.857
10.895
1.72
2.595
1.702
2.15
2.403
1.671
0.977
0.9
1.667
0.915
0.91
0.933
1.906
2.273
0.953
1.757
0.893
1.643
2.239
1.718
0.906
0.914
0.852
1.436
0.957
0.907
1.662
1.672
1.738
0.841
3.859
1.696
0.856
0.82
1.767
2.598
1.639
0.843
1.65
2.522
0.862
0.836
0.845
0.831
0.844
1.069
0.941
2.382
0.981
0.926
0.903
0.871
2.244
2.095
1.71
1.725
2.169
0.89
2.136
1.619
0.896
0.975
0.898
2.4
0.912
2.45
2.276
0.869
0.823
2.37
0.649
1.701
0.944
1.647
1.003
1.673
0.928
0.923
1.425
0.875
0.887
0.88
1.679
1.669
4.282
2.205
0.249
0.891
0.915
1.754
0.884
1.449
1.683
1.909
1.67
2.136
1.432
2.175
2.291
0.91
1.616
0.856
0.857
0.275
1.12
2.185
2.511
1.716
0.856
1.657
1.593
1.238
1.737
0.877
0.881
0.831
0.85
1.736
1.095
0.878
0.889
1.763
1.753
1.023
0.962
1.793
0.926
0.949
2.622
0.965
0.941
1.009
1.779
1.836
0.917
1.164
1.348
1.728
2.431
1.706
0.932
1.715
0.956
2.055
2.427
0.931
0.902
0.875
0.895
0.904
0.954
0.964
0.946
0.994
0.916
1.713
0.937
1.771
0.899
1.034
0.904
0.943
0.941
2.319
0.885
0.893
0.948
0.922
0.948
0.934
1.929
2.109
0.923
1.049
0.915
0.93
2.384
0.96
2.269
0.916
1.752
0.942
2.343
0.899
2.573
1.61
2.022
0.849
8.43
0.789
0.848
0.872
2.376
0.826
0.887
0.868
0.939
0.917
1.714
1.977
0.89
1.69
0.921
1.757
0.865
1.736
0.889
2.377
1.743
0.937
1.662
0.896
10.946
0.898
2.332
1.753
0.954
0.874
1.784
1.742
2.178
0.92
0.909
0.271
0.892
0.835
14.23
2.292
1.707
0.937
0.946
8.557
2.318
0.891
2.428
0.91
1.078
0.984
0.938
0.871
1.057
0.956
1.812
1.809
1.866
0.874
1.663
1.658
0.905
1.666
1.683
2.33
0.888
0.857
1.36
0.936
0.853
0.915
1.742
2.161
1.705
0.883
0.864
1.704
0.847
1.441
1.647
1.025
1.08
1.701
0.892
0.959
0.868
1.764
0.837
1.667
2.575
0.89
0.839
0.846
0.875
1.615
1.567
0.904
1.68
0.877
0.907
0.921
0.919
1.791
0.89
0.884
0.858
1.741
1.714
0.902
1.689
1.085
1.225
0.938
1.44
0.904
0.899
1.762
0.897
2.245
0.86
1.111
1.626
0.893
0.932
0.906
1.825
0.88
0.905
1.623
2.365
0.902
2.171
0.909
0.848
2.286
1.616
2.492
1.541
1.896
0.83
0.803
1.019
10.714
0.839
8.39
0.914
0.818
3.968
0.877
0.071
2.261
1.709
0.884
0.8
0.87
2.146
1.765
0.958
1.983
0.907
2.34
1.66
0.942
0.953
1.595
0.93
0.899
1.674
0.883
2.189
1.613
0.85
2.104
0.962
0.848
1.618
4.077
1.596
1.583
1.581
0.863
1.642
0.827
0.832
0.991
0.873
1.874
1.598
2.046
0.826
0.873
0.899
1.793
2.648
0.969
0.869
0.907
1.704
1.685
1.694
1.681
2.532
1.738
0.907
0.91
1.769
2.6
1.824
0.957
1.771
1.683
0.923
1.022
0.9
0.888
0.867
1.831
1.939
2.234
1.839
3.656
1.749
2.252
0.974
0.992
1.68
1.709
0.914
0.924
1.714
2.332
1.746
1.694
1.599
0.852
2.411
0.866
0.838
0.85
3.569
9.699
0.91
1.722
1.981
0.975
1.698
1.115
1.722
0.871
0.941
0.956
2.373
1.682
0.888
0.83
1.699
1.637
8.83
0.865
1.745
0.841
0.884
0.937
1.728
1.793
2.397
0.922
0.938
0.937
0.979
0.068
8.468
1.662
0.912
1.671
0.936
0.832
0.888
1.721
1.765
0.923
3.988
1.797
1.596
1.573
0.899
1.597
0.903
1.671
0.932
1.65
0.868
0.862
1.697
0.893
0.902
8.15
1.895
1.702
0.885
0.885
0.888
1.649
1.704
0.94
4.038
0.902
2.091
0.919
1.003
0.875
2.382
1.666
0.821
1.641
0.964
0.834
0.879
0.885
1.792
0.866
1.613
0.78
0.769
0.766
0.847
1.629
0.798
1.785
0.243
2.268
0.881
0.862
0.934
0.869
2.273
1.648
0.969
1.699
0.899
1.755
0.909
0.854
0.845
0.865
0.976
2.247
0.843
2.357
0.852
0.835
0.818
0.899
0.849
1.741
1.72
1.702
0.942
0.93
2.566
0.937
1.455
0.949
2.333
0.891
4.182
0.868
1.639
0.899
1.729
0.895
2.558
0.883
0.886
0.845
1.657
0.884
0.903
1.694
0.905
1.186
0.898
1.642
1.324
1.927
1.785
0.88
1.71
1.817
1.804
0.822
1.258
0.804
0.883
2.015
0.894
2.887
0.974
1.555
0.29
0.951
0.95
0.953
0.948
1.046
0.931
1.792
0.938
1.772
0.957
2.196
0.91
1.276
0.95
0.932
1.052
2.153
0.903
2.007
2.33
0.867
0.885
1.072
2.723
2.312
8.807
1.864
1.884
1.462
1.717
1.624
1.658
1.944
0.945
0.949
1.038
0.892
0.915
1.782
1.856
0.912
2.033
1.817
2.247
1.906
2.293
1.773
0.917
2.479
2.401
1.376
3.221
0.984
0.989
1.782
1.648
0.929
1.711
0.915
0.873
0.875
0.841
0.882
2.278
0.858
2.653
2.188
2.279
0.86
0.853
0.879
0.969
0.901
0.96
1.674
0.921
0.891
1.965
0.895
1.699
1.634
0.953
1.745
0.836
2.465
0.972
1.786
1.676
1.545
0.942
0.892
1.97
2.456
1.815
1.824
0.898
0.943
0.907
0.972
1.596
2.245
1.882
2.411
2.378
1.027
0.96
1.103
0.939
1.017
0.062
2.376
1.693
0.91
2.821
2.672
1.086
0.958
1.06
1.724
0.924
2.492
2.169
0.822
1.645
0.856
1.66
1.143
0.869
1.258
0.887
1.376
0.865
0.929
0.993
0.877
10.962
0.865
0.869
1.825
0.917
0.916
2.581
2.13
0.974
1.789
1.126
0.959
2.392
3.084
2.142
0.951
0.991
1.86
1.077
1.003
1.021
0.918
1.846
1.041
1.316
1.016
0.95
1.319
1.73
0.899
0.921
1.807
0.911
0.909
1.852
0.93
1.804
2.385
2.028
1.778
1.755
2.491
1.023
1.029
0.976
1.733
1.807
0.939
1.757
0.929
1.854
0.971
1.783
0.903
0.906
1.714
0.915
0.911
2.56
0.955
0.969
0.964
2.234
0.942
0.903
1.748
0.9
0.904
1.776
1.742
1.701
1.134
2.409
0.976
2.484
0.9
0.92
1.687
0.934
0.987
0.95
1.772
0.899
0.944
0.867
1.855
1.735
1.737
0.935
0.945
1.865
1.677
1.675
0.977
1.256
0.918
1.085
2.524
0.92
2.413
0.899
2.334
2.375
1.732
24.41
1.676
4.238
0.901
0.909
0.863
2.252
0.915
0.888
8.531
2.257
1.699
3.999
0.898
2.107
1.015
0.928
1.683
2.386
1.807
0.903
1.747
0.833
1.768
1.694
1.614
1.684
0.869
1.191
0.938
1.713
0.945
0.857
2.351
8.142
1.734
0.947
0.84
8.532
0.876
0.896
1.834
2.338
1.813
1.808
0.948
0.955
1.771
0.961
2.385
1.68
0.925
1.751
0.9
0.853
0.972
0.926
0.915
1.662
0.949
0.836
1.649
1.577
1.14
0.919
4.101
1.591
1.599
1.568
1.594
3.305
2.231
0.836
0.784
1.689
3.46
0.906
1.594
1.705
0.923
0.048
2.631
0.881
0.879
0.884
2.404
1.622
0.892
1.54
0.908
1.602
0.841
1.117
1.552
1.596
0.809
2.172
1.669
2.327
0.79
2.717
0.854
1.6
0.88
0.857
2.185
1.374
1.671
0.881
1.685
2.296
0.887
2.837
1.715
1.69
0.905
1.652
1.638
2.245
1.695
1.674
0.825
0.882
1.86
2.697
0.925
0.943
0.952
1.803
1.865
0.92
0.932
0.945
0.965
0.946
0.916
1.762
1.009
1.798
1.015
2.425
0.911
2.238
0.92
1.767
0.94
1.402
1.155
0.998
0.908
0.924
0.903
1.738
1.819
0.892
1.282
1.704
1.688
1.761
2.209
0.918
0.958
0.9
0.906
2.756
0.844
0.925
1.698
1.731
0.851
1.936
2.164
0.917
1.053
0.996
2.192
0.983
1.732
1.757
2.329
0.932
0.953
1.718
2.432
8.374
0.867
2.48
0.848
1.768
0.86
0.984
0.905
0.92
13.865
2.202
0.996
0.923
1.76
1.006
0.972
0.947
0.899
0.888
1.253
2.214
2.425
0.945
0.911
1.677
0.83
1.113
0.841
0.82
1.635
0.864
8.261
0.821
3.062
8.086
0.838
2.048
0.057
1.643
1.009
1.64
2.253
1.757
0.87
2.163
14.338
1.735
0.941
0.96
1.669
1.082
0.875
0.854
0.831
0.866
0.846
1.983
2.041
2.173
0.799
1.606
0.798
0.806
3.845
0.772
0.855
0.789
2.143
0.789
1.766
0.855
1.49
0.774
0.803
2.037
0.817
1.672
0.814
0.851
0.951
0.766
2.28
0.887
1.538
1.514
1.596
0.818
0.804
0.786
0.876
1.625
1.621
2.184
1.608
0.821
1.615
0.877
1.659
0.87
0.84
0.909
3.506
2.096
0.86
0.879
0.87
0.869
1.645
0.911
1.589
1.096
1.745
1.162
0.821
0.883
1.981
2.735
1.163
0.807
2.062
1.679
0.869
0.877
0.899
0.888
0.933
0.902
0.952
0.885
2.311
0.884
0.895
0.95
1.695
0.888
1.703
2.206
4.155
1.697
8.412
0.904
0.945
1.645
0.951
2.082
3.072
0.869
1.013
1.706
1.742
3.006
1.901
0.849
0.942
0.918
1.659
1.669
1.661
0.883
1.189
0.876
0.907
1.243
1.693
1.894
1.651
0.925
1.733
0.856
1.097
1.78
1.779
1.748
1.238
0.999
3.889
1.754
0.88
0.901
0.905
0.901
2.415
1.842
0.891
0.891
1.694
1.076
1.652
1.706
1.663
2.177
0.991
0.947
0.891
3.507
0.894
0.906
1.276
0.835
0.838
2.345
0.92
1.69
1.217
1.612
2.344
0.871
0.97
1.724
1.674
1.979
0.89
0.876
0.867
2.474
0.872
2.012
1.714
1.665
3.363
0.861
0.851
1.845
0.837
0.857
2.393
0.975
1.707
1.022
1.845
1.87
0.925
0.961
1.76
0.995
0.953
2.354
1.803
1.004
1.029
0.972
1.793
1.747
2.794
0.892
2.199
0.901
1.743
1.776
0.887
0.906
0.894
0.907
0.956
1.767
0.878
1.767
0.963
0.867
1.858
0.89
1.033
1.997
1.072
0.942
2.26
0.93
1.776
0.941
3.233
0.924
2.412
8.54
0.923
2.294
1.716
1.074
1.805
0.94
8.519
0.906
0.979
2.074
1.048
0.976
1.84
0.898
0.915
2.424
0.98
0.915
1.253
0.949
0.976
0.991
0.961
0.97
1.81
0.932
0.943
1.738
2.24
0.92
1.736
0.933
0.914
0.925
1.71
1.668
1.664
1.247
0.947
2.518
4.163
0.341
0.917
0.882
2.725
1.766
0.912
1.703
0.865
1.634
2.294
0.901
1.324
1.632
1.629
0.942
0.858
0.842
1.76
2.212
0.838
1.652
1.508
0.902
2.558
2.298
0.836
1.678
0.839
0.847
0.813
0.827
2.282
0.958
0.892
0.881
2.235
1.752
0.884
4.005
0.873
1.703
0.881
2.22
1.766
0.902
0.892
0.883
0.885
2.564
1.657
2.39
0.868
2.216
1.052
1.788
0.954
0.901
2.406
1.657
0.902
1.045
2.466
0.928
2.417
0.98
2.349
0.862
0.904
1.757
0.867
0.9
0.98
1.73
11.27
0.905
0.902
0.939
0.909
0.901
0.908
0.882
1.793
2.342
2.76
1.815
1.886
1.111
0.953
0.968
1.279
2.287
0.936
1.819
0.926
0.945
1.457
0.982
0.939
2.246
1.044
0.966
0.977
1.837
1.807
2.795
1.335
1.032
1.824
1.802
1.254
0.93
0.921
1.744
0.967
0.909
0.895
1.853
2.228
0.904
1.836
1.008
1.785
1.741
2.538
1.068
2.611
1.749
0.967
0.933
0.883
0.898
0.9
0.932
2.269
0.908
4.216
0.889
0.915
1.73
0.926
2.422
2.21
2.129
1.689
1.676
1.689
0.898
0.867
0.879
0.91
2.255
2.162
1.162
0.855
1.008
8.744
0.935
1.703
0.877
1.716
0.853
1.433
0.891
0.95
0.894
0.898
2.285
0.922
0.919
4.082
0.942
1.242
1.911
0.9
1.742
0.965
0.96
2.231
1.714
2.307
0.882
0.922
0.932
0.903
1.718
2.918
0.881
0.905
0.913
1.736
1.766
2.28
1.702
1.708
0.834
0.875
1.595
1.7
1.704
0.903
0.897
0.934
0.933
0.89
0.93
2.31
1.862
0.983
0.935
0.825
3.801
0.945
1.72
1.04
0.977
1.001
1.75
3.205
1.74
2.361
1.711
1.003
1.745
1.71
0.944
0.923
3.839
1.007
1.663
0.974
1.641
1.2
0.899
1.698
1.723
0.889
1.714
0.842
2.354
1.293
1.429
0.926
0.905
0.937
0.86
0.889
0.888
2.478
1.893
1.179
2.33
0.997
1.009
1.235
2.425
0.938
1.851
1.033
1.766
1.046
2.839
1.8
1.802
1.751
1.013
1.789
2.431
0.95
0.925
0.934
1.754
0.894
1.737
2.612
1.826
2.218
1.283
2.548
0.952
0.922
0.917
1.757
1.776
0.918
2.378
1.917
1.778
0.9
0.932
2.922
1.669
2.223
2.553
0.959
0.944
1.845
0.887
0.945
0.971
1.02
0.906
1.789
1.043
1.742
0.995
0.948
2.401
1.86
1.086
0.897
1.868
0.967
1.008
0.977
2.525
2.558
0.957
1.784
1.006
1.012
1.818
2.438
1.87
1.771
1
2.222
2.244
1.773
0.948
1.76
1.737
2.214
0.91
2.118
0.953
1.656
0.85
1.698
2.406
0.865
0.851
4.224
1.736
0.902
0.907
3.863
1.754
1.692
3.095
1.703
0.933
2.311
1.706
0.959
1.033
1.74
0.998
1.198
1.748
1.021
0.948
0.936
2.004
2.471
0.887
0.908
1.778
1.056
0.914
2.038
0.974
0.918
0.912
0.909
1.168
2.221
0.946
2.286
0.945
0.967
1.236
2.395
0.961
0.941
0.923
2.119
0.919
0.945
1.694
1.683
1.821
0.956
0.947
2.153
0.879
2.406
1.67
4.078
0.895
0.859
1.159
0.874
2.24
8.724
1.928
1.323
0.797
0.937
2.355
0.942
1.728
1.886
0.898
2.072
0.894
2.242
2.322
0.952
2.192
2.228
1.046
4.214
2.05
1.631
3.32
0.872
0.845
0.38
0.813
0.833
0.849
0.834
1.664
0.821
0.932
0.862
0.87
1.675
0.858
0.929
0.915
0.902
1.826
1.769
8.361
1.835
0.889
0.921
2.555
1.784
1.099
0.915
0.904
0.889
1.401
0.944
0.965
0.908
0.871
0.947
1.788
2.419
1.041
0.937
0.934
1.712
0.978
0.983
1.729
1.8
0.957
1.413
1.354
0.919
0.945
0.956
1.701
0.899
0.931
0.914
0.918
0.944
1.758
1.14
0.904
0.905
0.919
1.729
0.938
1.13
0.941
0.959
0.929
1.792
0.924
1.004
0.891
0.918
0.923
0.9
2.332
8.293
0.902
0.89
1.783
1.016
0.932
1.724
1.926
1.681
0.955
0.925
0.87
0.896
0.91
2.572
3.908
2.432
1.819
2.564
0.931
1
0.965
0.93
1.72
0.87
1.061
0.941
0.856
0.848
0.838
4.471
8.42
0.887
1.029
1.626
0.891
1.614
0.904
2.052
2.095
1.662
1.668
0.868
0.877
0.881
2.541
0.876
0.873
0.318
8.329
0.825
0.836
1.752
1.206
1.769
1.796
1.79
2.439
0.934
2.2
1.759
2.236
1.751
0.965
2.825
0.931
0.895
1.791
1.729
0.862
0.828
2.207
1.627
0.056
0.859
1.594
0.856
1.572
0.877
10.947
0.907
1.618
2.111
0.774
8.08
0.787
0.81
0.848
0.877
1.678
0.844
2.375
1.786
0.894
1.113
0.866
2.565
1.695
0.97
0.932
1.707
1.143
0.905
1.7
0.933
1.65
0.927
0.996
2.127
0.872
0.865
2.101
1.046
1.77
0.912
2.157
1.696
0.863
1.033
2.455
1.658
1.643
1.68
0.849
1.599
2.207
1.74
1.687
2.179
0.844
3.425
2.117
0.864
2.367
0.832
0.816
0.939
0.903
0.954
0.986
1.179
0.871
0.916
0.868
0.902
2.167
1.814
0.829
1.724
1.744
0.96
0.951
0.922
2.242
0.904
0.901
0.911
1.717
0.921
1.733
1.817
2.314
0.873
0.906
0.945
2.287
1.784
0.88
1.687
1.316
1.727
1.68
0.92
0.917
2.194
10.982
1.739
0.926
1.705
0.921
0.965
2.146
1.056
0.933
1.728
2.933
2.625
0.897
4.031
0.899
1.723
0.974
1.584
2.988
1.345
2.15
1.624
4.256
1.211
0.872
0.838
0.847
1.693
0.958
0.858
0.861
0.841
2.406
1.711
0.888
0.935
0.899
1.803
0.935
0.923
1.751
1.137
0.891
1.719
1.79
0.935
1.78
0.894
1.672
1.765
2.458
1.787
2.015
1.75
0.945
1.695
1.732
1.056
0.899
0.933
0.915
1.201
1.311
0.905
1.793
1.742
0.958
0.902
3.645
1.745
2.177
0.889
2.424
0.915
2.188
1.082
2.261
1.726
0.969
0.935
1.673
0.944
0.911
1.48
1.628
1.742
0.874
2.239
0.883
0.904
1.156
1.693
2.472
0.945
2.527
0.93
0.918
0.937
1.778
2.342
0.958
0.939
0.968
2.574
1.712
0.925
0.898
2.551
0.916
0.998
0.909
0.88
0.88
1.826
1.808
0.892
0.959
0.936
0.98
1.026
2.317
0.931
0.932
0.958
2.313
0.085
0.891
1.777
0.893
1.86
1.773
1.023
0.921
1.694
0.962
1.71
0.948
0.956
0.903
1.712
0.937
1.642
0.919
0.923
1.633
1.653
0.899
0.91
1.971
0.784
0.781
0.774
0.781
0.833
1.705
0.253