0.907
2.323
1.217
1.002
0.98
0.812
2.178
1.061
2.772
0.997
2.45
1.127
1.08
1.211
2.939
0.87
8.362
0.974
1.19
1.523
6.384
1.31
2.007
1.142
1.034
3.067
0.98
0.876
2.183
6.065
18.7
0.804
1.173
15.83
0.761
2.399
1.475
0.918
1.063
1.376
2.729
0.777
2.001
0.936
2.712
0.846
1.118
1.527
0.823
0.91
2.043
0.786
2.411
1.566
1.298
2.983
1.961
1.708
1.692
1.282
30.186
1.018
0.53
1.273
1.598
2.216
5.908
4.053
0.793
18.676
52.752
1.818
0.758
0.896
1.773
1.842
1.993
5.909
0.987
1.318
0.952
0.915
0.858
0.935
1.113
1.416
2.555
2.789
0.919
1.345
0.815
1.502
1.37
0.826
1.534
0.862