2.018
5.864
6.947
2.198
2.154
2.363
2.168
6.357
2.037
7.071
2.266
2.021
2.102
6.739
6.105
6.268
6.664
2.159
6.931
2.235
1.601
1.674
2.107
1.728
6.515
1.645
1.661
1.833
6.127
6.606
5.488
1.486
6.34
1.486
1.73
1.745
1.437
6.016
6.393
1.944
5.793
1.766
5.941
6.374
1.635
6.318
1.699
1.696
1.74
6.246
1.651
2.343
1.564
1.565
2.739
2.109
6.125
1.75
1.801
1.755
6.155
1.961
1.516
6.185
6.155
1.849
6.527
2.343
1.786
1.61
1.756
6.596
6.576
2.133
5.875
5.839
1.735
6.306
1.846
1.547
1.889
5.871
2.07
5.572
5.993
1.504
1.487
6.414
1.748
6.189
1.484
1.907
1.743
5.798
5.939
21.202
1.728
1.782
1.911
1.671
1.514
1.663
2.001
1.737
1.828
1.8
1.871
1.681
6.515
6.406
6.854
1.924
1.665
1.698
1.71
1.8
1.806
1.873
6.325
1.615
6.006
2.162
1.562
1.751
2.27
1.73
6.036
1.725
1.67
1.8
1.559
1.565
5.834
1.592
1.762
2.001
1.52
3.793
5.808
1.696
1.755
1.724
5.76
1.738
1.623
2.576
6.311
5.795
6.587
5.799
5.799
6.901
5.735
5.572
1.633
6.229
1.73
6.273
1.539
1.831
6.059
1.491
1.565
5.783
1.56
1.642
1.612
1.687
5.906
1.747
6.662
6.232
1.779
1.604
6.971
1.773
5.836
1.624
2.328
1.741
1.854
1.594
6.366
6.005
1.632
1.817
2.256
1.715
1.555
5.928
1.707
5.616
1.925
1.789
5.997
5.85
5.611
2.096
5.671
6.259
5.486
6.283
5.364
5.833
1.617
7.477
5.95
5.669
6.143
5.807
1.992
1.549
5.728
6.703
1.6
1.801
6.303
6.491
1.759
1.545
1.957
1.807
1.777
1.85
6.047
1.883
1.718
6.447
6.177
0.214
1.707
5.689
2.147
2.042
1.679
1.683
1.655
1.637
6.085
6.043
1.74
1.591
6.059
5.877
2.417
1.662
4.504
1.548
6.214
1.648
1.623
1.652
5.914
1.599
1.722
2.085
6.584
6.221
7.274
1.741
1.994
6.175
6.163
2.1
6.293
7.354
6.271
1.745
5.859
1.844
5.926
5.813
5.428
5.868
1.928
6.487
1.531
1.537
1.49
1.469
1.502
1.582
1.461
8.751
1.495
6.209
1.636
2.43
6.715
2.451
1.627
6.405
1.819
2.574
6.448
1.875
1.803
5.876
2.312
2.362
6.519
6.079
1.601
6.237
1.798
5.729
1.763
3.349
6.111
5.919
1.765
0.041
1.616
1.687
1.732
6.043
6.66
5.746
2.068
5.832
6.126
6.504
1.515
1.629
9.101
1.699
11.162
8.288
5.904
5.817
1.956
23.314
5.732
5.999
5.731
1.596
1.77
1.849
5.964
5.706
1.826
1.791
5.696
6.978
1.701
5.864
1.561
1.565
5.298
1.907
1.565
1.535
6.544
5.767
1.633
1.816
4.788
1.708
6.32
5.757
5.976
6.955
1.72
5.711
6.003
6.413
1.697
1.726
12.237
2.053
1.774
5.957
6.483
5.995
1.712
1.531
5.725
1.738
1.475
6.016
5.894
1.528
1.874
5.909
1.716
6.112
5.846
1.918
1.775
1.636
6.086
6.087
1.985
2.036
6.428
1.615
5.789
1.452
1.639
1.744
1.843
5.822
6.615
5.775
1.68
1.705
2.042
5.663
6.426
1.876
6.244
5.852
1.764
5.955
6.084
1.525
1.68
1.579
3.619
6.021
11.733
5.822
5.766
5.583
6.422
1.656
1.513
1.589
2.063
1.422
6.649
1.683
1.718
1.655
5.969
6.118
1.761
1.659
6.187
3.898
1.612
1.671
1.609
1.91
1.764
1.638
1.477
6.301
8.268
1.822
1.726
1.726
1.93
6.508
4.658
1.586
1.852
2.346
2.216
6.148
7.889
2.038
8.089
5.816
1.706
6.68
1.829
6.058
1.652
1.634
5.859
2.339
1.889
6.018
1.631
5.879
6.204
5.646
1.453
6.343
2.07
6.082
1.653
6.442
1.687
5.59
1.417
1.461
5.683
1.586
6.364
6.443
6.048
1.797
3.21
0.207
6.649
1.658
1.732
7.015
1.72
2.19
1.578
1.787
6.618
2.394
5.562
9.261
6.144
1.687
1.916
1.704
1.528
1.862
6.201
1.739
6.272
5.813
6.163
8.383
1.758
6
6.068
1.663
1.83
5.989
6.567
6.421
5.497
6.223
1.537
1.949
5.69
5.802
5.627
5.912
1.49
1.584
6.052
1.668
1.61
1.744
1.481
5.939
5.916
3.447
1.656
0.044
1.613
1.906
5.927
6.391
5.823
2.13
6.262
6.667
5.89
1.778
2.325
1.982
6.358
6.143
6.357
6.108
1.581
1.73
8.591
2.538
5.976
6.059
6.412
1.559
1.634
1.656
1.582
1.371
1.61
1.753
2.734
5.225
6.475
1.878
5.838
5.798
7.072
1.772
5.855
1.62
5.68
5.743
4.217
1.858
6.507
5.984
5.653
6.567
5.731
1.572
5.522
1.576
5.796
1.577
1.592
1.445
3.75
1.685
1.52
1.62
5.862
6.427
1.782
6.929
1.625
1.531
1.693
1.714
1.772
1.745
1.873
6.122
2.166
1.95
6.368
2.177
0.284
1.922
1.839
6.19
1.824
1.794
1.734
7.199
1.55
1.841
1.66
1.943
6.231
6.947
1.88
5.68
1.677
1.823
5.717
5.953
6.396
1.613
1.704
5.957
1.6
10.03
1.515
2.087
1.648
5.852
1.908
1.483
6.104
6.056
6.108
1.685
4.279
6.008
5.879
1.584
1.424
6.155
5.686
6.011
1.793
1.778
6.323
1.635
6.094
1.892
1.59
6.174
1.551
6.329
5.767
8.544
1.676
5.718
5.627
1.591
5.872
5.885
1.574
8.337
6.118
5.798
1.674
1.605
1.725
6.136
1.56
1.484
6.268
3.006
8.595
1.779
5.978
6.147
1.755
1.694
1.685
1.601
5.833
1.8
6.032
6.651
1.75
1.759
6.547
1.757
1.615
1.754
6.492
1.759
2.061
5.808
2.4
6.36
6.237
1.78
3.64
1.915
1.76
6.934
5.995
5.702
1.643
11.561
1.719
6.797
5.742
5.895
2.64
2.081
1.658
1.55
3.074
5.864
6.332
1.659
6.542
5.828
1.581
23.279
1.689
5.88
5.984
6.315
8.152
1.652
1.825
5.988
5.812
1.657
6.367
2.135
1.81
1.668
1.485
1.422
5.576
6.263
1.712
5.605
3.806
22.537
6.221
5.97
6.311
5.53
6.452
5.918
1.743
1.82
5.627
1.474
1.538
1.599
3.649
6.127
1.924
6.321
1.734
5.776
5.706
6.384
1.556
1.797
1.608
3.072
1.764
1.681
5.786
5.637
3.742
1.806
6.015
5.685
1.691
1.66
6.331
4.833
6.015
1.5
6.245
6.224
1.61
1.698
1.493
1.589
1.668
2.187
1.633
6.265
1.994
1.672
1.492
1.583
6.181
5.841
6.196
5.624
6.245
1.82
5.373
5.988
1.774
1.66
1.723
6.591
1.606
4.702
5.886
1.796
1.643
6.308
0.547
5.753
1.623
5.751
1.881
5.843
1.576
1.679
3.156
1.672
1.662
1.73
5.993
6.465
6.282
5.832
0.202
1.617
1.924
6.035
1.811
3.397
5.778
4.409
5.998
6.385
3.32
6.072
6.28
1.641
5.834
1.541
1.438
0.207
2.035
5.901
6.705
6.426
1.666
6.642
5.664
2.509
6.072
1.59
1.447
1.539
1.634
5.842
2.17
1.517
1.57
6.567
5.916
1.737
1.664
6.08
1.621
1.883
6.34
2.05
1.628
1.767
6.455
5.872
1.53
2.242
2.145
6.564
2.839
5.423
1.833
5.815
1.814
4.486
6.022
1.71
1.645
1.551
1.567
1.388
1.594
1.815
1.469
1.681
1.814
5.957
1.601
6.659
1.672
1.862
1.789
1.742
1.53
5.83
1.677
1.648
1.842
1.575
1.731
1.699
4.908
2.3
1.891
2.505
1.758
1.938
6.027
1.802
6.212
1.699
6.164
1.787
6.872
1.611
6.085
6.145
2.696
1.711
8.605
1.663
1.684
1.822
6.472
1.665
1.537
1.59
1.836
1.777
6.136
4.7
1.705
5.927
1.743
5.896
1.619
5.916
1.656
6.073
5.97
1.656
6.108
1.697
22.411
1.712
5.985
5.941
1.938
1.694
6.003
6.65
2.588
1.57
1.583
0.194
1.719
1.693
23.043
6.175
6.574
1.842
1.873
9.508
6.546
1.695
6.784
1.788
2.069
2.025
1.77
1.594
2.324
1.774
4.031
6.131
3.679
1.86
5.903
6.048
1.805
6.149
6.168
6.18
1.669
1.651
2.355
1.838
1.785
1.828
6.194
6.995
7.389
1.699
1.617
6.086
1.726
3.382
5.943
1.864
2.366
6.119
1.608
1.639
1.511
6.115
1.673
5.93
6.45
1.855
1.649
1.756
1.682
6.006
6.573
1.871
6.063
1.498
1.556
1.71
1.807
5.778
1.627
1.624
1.673
5.917
6.068
1.648
5.584
1.944
2.153
1.711
3.226
1.712
1.815
6.734
1.613
6.067
1.695
2.674
6.199
1.573
1.836
1.716
4.684
1.895
1.733
6.183
6.434
1.695
6.009
1.684
1.671
6.656
6.562
6.424
6.019
2.744
1.857
1.877
2.29
22.729
1.742
9.082
1.788
1.839
6.323
1.824
0.051
6.116
6.76
1.814
1.812
1.756
6.672
6.745
1.926
4.726
1.832
6.242
6.186
2.002
1.868
6.207
1.745
1.682
6.707
1.641
6.077
7.116
1.735
6.212
1.685
1.795
6.185
6.528
6.883
3.381
6.18
1.74
6.829
1.583
1.647
1.804
1.91
4.616
6.483
4.715
1.768
1.904
1.686
6.525
5.452
1.786
1.619
1.92
6.156
6.635
6.647
5.909
6.786
5.982
1.805
1.755
6.165
6.317
5.819
1.935
6.181
6.541
1.601
2.012
1.542
1.582
1.608
6.132
4.739
6.496
6.734
11.553
6.007
6.096
1.818
1.73
6.045
5.93
1.745
1.818
5.805
5.92
6.082
5.871
6.641
1.589
6.321
1.588
1.66
1.745
10.677
9.711
1.552
6.177
4.747
1.819
6.103
2.182
7.344
1.923
1.63
1.718
5.707
6.339
1.835
1.763
6.151
6.45
8.98
1.77
5.95
1.21
1.848
1.612
5.859
5.949
6.099
1.775
1.587
1.55
1.993
0.039
8.852
6.096
1.727
6.514
1.631
1.487
1.535
6.094
6.636
1.711
6.605
3.792
5.812
5.819
1.815
6.128
1.651
6.479
1.807
6.352
1.685
1.624
2.542
1.76
1.664
8.477
4.691
5.875
1.569
1.599
1.654
6.099
6.226
1.905
6.034
1.505
6.065
1.753
2.448
1.606
5.993
7.367
1.614
6.136
1.995
1.638
1.795
1.782
3.917
1.547
5.971
1.79
1.519
1.557
1.624
6.032
1.673
3.696
0.209
6.887
1.64
1.68
1.835
1.701
6.216
6.671
2.73
6.23
1.698
5.876
1.745
1.632
1.638
1.591
1.765
6.196
1.652
6
1.585
1.76
1.683
1.98
1.682
6.097
7.265
5.901
1.69
1.675
6.603
1.763
3.334
1.655
2.893
1.642
6.145
1.595
5.936
1.636
6.117
1.688
6.59
1.779
1.845
1.656
5.849
1.828
1.562
6.745
1.687
2.687
1.744
6.191
2.342
4.546
6.059
1.789
6.044
6.567
6.849
1.507
2.015
1.583
1.728
4.738
1.689
6.692
1.64
2.989
0.22
1.601
1.643
1.719
1.561
1.896
1.683
6.61
1.657
6.145
1.624
3.592
1.838
2.453
1.788
1.772
2.842
2.208
1.752
4.536
6.172
1.655
1.715
2.533
8.685
6.111
8.57
5.761
6.444
3.344
6.244
6.362
5.831
3.947
1.742
1.688
1.913
1.537
1.606
5.807
5.845
1.734
3.586
6.272
5.555
4.66
5.701
6.18
1.555
6.754
5.893
2.256
7.256
1.528
1.648
6.332
5.757
1.574
5.965
1.482
1.637
2.027
1.615
1.604
6.237
1.757
5.029
6.261
5.784
1.644
1.647
1.702
2.565
1.696
1.568
3.399
1.726
1.577
2.518
1.612
6.121
6.763
1.708
5.839
1.623
6.372
2.06
2.896
5.994
3.329
1.908
1.839
4.369
6.689
6.332
6.173
1.738
1.561
1.707
1.812
3.169
5.838
5.743
5.947
6.047
1.914
1.587
2.47
1.559
1.477
0.046
5.804
2.883
1.719
8.281
7.802
2.199
1.792
1.833
6.622
1.64
6.576
5.78
1.542
6.926
1.572
5.904
1.841
1.557
2.113
1.545
2
1.626
1.74
2.274
1.729
22.484
1.782
1.843
5.899
1.798
1.794
7.113
4.342
1.706
5.939
2.302
1.734
6.149
8.467
2.508
1.532
1.593
5.927
1.885
1.778
1.708
1.54
6.377
1.843
2.408
1.678
1.84
2.207
5.778
1.619
1.643
6.4
1.568
1.714
5.681
1.631
5.412
6.111
2.729
6.17
5.849
5.568
1.862
1.722
1.803
5.781
5.804
1.629
7.013
1.615
6.206
1.724
5.765
1.711
1.657
6.129
1.651
1.556
5.923
1.726
1.536
1.571
5.785
1.732
1.737
6.243
1.601
1.844
5.879
6.07
6.03
1.878
5.473
1.653
5.915
1.554
1.796
5.807
1.578
1.598
1.817
5.962
1.565
1.721
1.585
3.683
5.815
5.705
1.68
1.537
3.818
6.101
6.487
1.651
2.514
1.599
2.309
6.559
1.687
6.63
1.832
5.888
5.765
5.674
23.387
5.743
6.063
1.68
3.45
1.801
5.793
1.726
1.695
8.595
5.358
5.959
12.156
1.579
5.799
2.557
1.613
5.63
5.841
6.371
1.551
6.332
1.773
5.918
6.514
6.078
6.126
1.909
2.236
1.77
5.993
1.61
1.651
5.588
8.455
5.781
1.476
1.511
8.924
1.742
1.736
6.356
5.494
5.613
5.609
1.613
2.268
7.044
1.657
5.55
5.796
1.676
6.016
1.683
1.545
1.744
1.546
1.605
6.694
1.755
1.858
5.729
5.995
1.667
1.71
4.316
6.313
6.084
6.371
5.839
10.317
6.579
1.585
1.738
5.522
9.808
1.715
5.897
6.08
1.903
0.05
7.94
1.487
1.604
1.637
5.984
7.058
1.69
5.721
1.651
5.855
1.46
2.016
5.779
5.661
1.593
5.925
6.547
6.515
1.552
9.223
1.661
6.235
1.598
1.594
6.072
1.98
5.792
1.496
6.172
5.972
1.677
7.513
5.722
6.431
1.747
5.787
5.691
5.637
5.918
5.967
1.552
1.75
6.162
6.316
1.668
1.572
1.568
5.737
6.128
1.512
1.628
1.48
1.704
1.671
1.796
6.218
1.916
7.193
2.241
5.722
1.922
5.838
1.716
7.037
1.64
2.336
2.291
2.106
1.871
1.643
1.538
5.996
6.556
1.764
2.653
6.027
5.857
7.104
2.945
1.824
1.77
1.642
1.757
8.241
1.718
1.767
6.831
6.074
1.643
2.481
6.167
1.536
2.003
1.631
2.789
1.52
5.833
5.764
6.035
1.697
1.563
6.291
6.017
8.835
1.596
6.484
1.721
6.07
1.555
1.704
1.767
1.645
23.102
6.532
1.638
1.56
6.043
1.611
1.675
1.714
1.647
1.774
2.189
5.994
6.747
1.623
1.683
2.309
1.628
2.005
1.79
1.499
6.412
1.698
8.203
1.863
9.268
8.673
1.822
3.219
0.044
6.359
2.491
5.828
5.987
5.964
1.806
5.876
23.124
5.945
1.636
1.593
6.586
2.079
1.584
1.652
1.54
1.733
1.708
6.145
5.991
6.329
1.613
5.58
1.629
1.633
6.202
1.489
1.783
1.757
6.368
1.708
3.727
1.824
6.321
1.68
1.508
6.052
1.618
5.945
1.79
1.635
2.395
1.463
6.142
1.815
5.745
5.878
6.036
1.72
1.603
1.761
1.805
5.706
5.783
5.555
6.367
1.47
6.057
1.686
6.678
1.727
1.555
1.661
10.17
5.746
1.662
1.691
1.57
1.602
5.923
1.658
6.123
2.323
6.181
2.283
1.652
1.805
4.767
7.18
2.668
1.474
2.626
5.936
1.547
1.583
1.797
1.548
1.733
1.706
1.85
1.608
6.723
1.628
1.764
1.889
6.191
1.756
6.692
6.153
6.131
6.362
8.718
1.749
1.862
6.378
1.839
5.689
7.2
1.921
2.028
5.883
6.331
7.185
2.457
1.606
1.745
1.588
6.109
5.697
6.423
1.752
2.554
1.573
1.779
2.333
5.943
3.867
6.073
1.863
5.995
1.678
2.324
6.134
5.868
6.246
2.4
1.645
5.104
5.849
1.53
1.627
1.578
1.512
5.779
3.666
1.8
1.747
6.127
2.135
6.502
5.861
5.8
5.932
1.77
1.682
1.362
5.984
1.681
1.754
2.381
1.626
1.74
6.775
1.57
6.081
1.824
5.976
6.35
1.679
2.331
6.21
6.064
4.345
1.6
1.563
1.571
6.713
1.692
2.647
6.305
6.879
10.048
1.835
1.719
3.789
1.579
1.674
5.897
1.611
3.24
1.699
6.458
5.889
1.598
1.662
6.578
1.77
1.747
5.87
5.791
1.842
1.932
1.561
7.115
5.815
4.757
1.214
6.496
1.58
6.357
3.339
1.671
1.599
1.725
1.463
1.665
6.019
1.665
5.993
2.124
1.491
2.55
1.761
2.023
2.721
1.904
1.65
6.083
1.744
5.864
1.842
8.189
1.982
6.481
8.694
1.888
5.899
6.028
2.241
6.178
1.672
8.872
1.704
1.63
4.485
2.012
1.763
6.047
1.785
1.754
5.739
1.613
1.69
2.237
1.446
1.439
1.544
1.49
1.656
6.36
1.79
1.786
5.869
5.687
1.797
5.778
1.886
1.753
1.663
6.033
5.789
5.766
2.506
1.825
6.404
6.421
0.22
1.799
1.653
7.114
6.023
1.626
5.824
1.654
5.918
5.731
1.733
1.945
6.352
5.788
1.904
1.475
1.556
6.089
5.83
1.514
6.531
2.187
1.709
5.001
6.111
1.603
6.611
1.586
1.618
1.634
1.531
5.644
1.725
1.813
1.712
6.191
5.843
1.739
11.789
1.717
6.167
1.76
5.731
5.841
1.644
1.79
1.67
1.772
7.508
5.6
7.201
1.624
2.775
2.257
6.262
1.664
1.684
7.197
5.74
1.624
1.803
6.048
1.646
5.804
1.885
6.19
1.711
1.71
6.766
1.589
1.602
1.818
6.69
22.497
1.662
1.556
1.689
1.566
1.774
1.767
1.504
6.985
5.813
6.292
5.713
6.211
1.973
1.734
1.774
2.265
5.677
1.741
5.724
1.565
1.733
2.489
1.731
1.612
6.082
1.676
1.696
1.603
6.097
6.58
5.091
2.316
1.882
6.312
6.763
2.702
1.698
1.709
6.231
1.749
1.77
1.751
6.778
5.81
1.905
6.185
1.982
5.948
5.74
7.619
1.872
5.894
6.207
1.654
1.553
1.54
1.567
1.745
1.639
5.79
1.523
6.031
1.67
1.634
6.436
1.784
6.029
5.76
5.556
5.902
5.596
5.724
1.888
1.649
1.623
1.896
5.905
6.402
2.549
1.618
1.984
9.017
1.641
5.834
1.492
5.872
1.769
3.309
1.808
1.967
1.843
1.861
6.315
1.817
1.605
6.126
1.75
2.024
5.86
1.679
5.854
1.638
1.733
6.087
5.896
5.822
1.811
1.657
1.882
1.677
6.603
8.217
1.647
1.695
1.639
6.702
5.87
6.421
5.811
6.107
1.646
1.682
5.671
5.823
6.515
1.637
1.461
1.546
1.71
1.488
1.628
5.553
6.162
1.736
1.753
1.622
12.287
1.787
6.572
1.685
1.5
1.89
6.605
7.652
6.365
5.701
6.508
1.885
5.613
5.777
1.727
1.629
6.046
1.869
5.951
1.481
5.499
1.853
1.821
6.265
7.314
1.819
2.257
1.755
5.893
2.018
3.123
1.364
1.528
1.645
1.662
1.881
1.785
5.713
6.307
2.508
5.748
1.817
1.819
2.538
5.887
1.842
6.174
1.754
5.95
1.871
6.24
5.737
6.236
6.378
1.77
5.709
5.571
1.622
1.583
1.647
7.121
1.612
5.469
6.121
6.011
20.134
2.254
6.246
1.401
1.424
1.624
5.673
5.883
1.663
5.945
4.046
5.892
1.762
1.799
4.827
6.959
6.15
6.349
1.713
1.643
5.859
1.158
1.893
1.714
2.147
1.591
5.914
1.767
5.816
1.785
1.546
5.646
6.456
1.734
1.683
6.209
1.689
1.646
1.735
6.235
5.859
1.633
5.875
1.793
1.582
6.098
5.487
6.148
6.216
1.77
5.696
6.094
5.674
1.65
6.324
5.437
6.277
1.44
5.605
1.474
6.395
1.543
6.107
6.258
1.563
1.587
5.89
5.877
2.014
1.718
11.491
5.888
5.909
8.167
5.691
1.847
5.97
6.116
1.889
1.843
6.476
1.676
2.384
6.086
2.181
1.479
1.647
4.574
2.828
1.501
1.472
6.251
2.565
1.486
4.791
1.792
1.692
1.627
1.819
2.333
6.19
1.641
5.895
1.719
1.873
2.19
6.265
1.764
1.605
1.775
6.117
1.812
1.668
6.554
5.856
3.658
1.858
1.856
5.261
1.699
6.741
6.031
6.357
1.598
1.673
1.887
1.63
6.06
8.799
2.563
2.153
1.69
1.736
5.627
1.665
5.963
3.836
1.727
2.993
1.67
6.554
6.842
1.699
5.914
5.824
2.203
6.075
6.225
5.87
7.05
1.641
1.751
0.328
1.834
1.731
1.696
1.716
6.08
1.426
1.717
1.664
1.72
6.089
1.606
1.62
1.747
1.584
6.864
5.886
9.277
5.977
1.769
1.901
6.83
6.141
2.277
1.731
1.687
1.777
2.055
1.895
1.751
1.627
1.765
1.8
6.025
6.532
2.31
1.695
1.864
6.425
1.647
1.559
6.012
6.124
1.779
2.407
2.089
1.55
1.601
1.557
6.122
1.697
1.713
1.629
1.678
1.745
6.084
2.288
1.809
1.612
1.656
6.111
1.781
2.178
1.738
1.506
1.641
6.621
1.633
1.846
1.647
1.806
1.632
1.738
5.896
9.045
1.889
1.666
5.961
1.851
1.67
6.466
3.718
6.212
1.894
1.799
1.939
1.653
1.918
6.364
11.435
5.833
6.707
6.579
1.684
1.779
1.816
1.734
5.708
1.529
2.431
1.82
1.491
1.538
1.624
8.407
8.435
1.62
2.334
5.799
1.913
6.444
2.123
6.144
5.683
6.481
5.85
1.78
1.647
1.697
6.969
1.478
1.752
0.195
8.462
1.641
1.691
5.671
2.764
6.449
5.879
5.739
6.229
1.399
5.474
6.201
5.625
5.73
1.589
9.108
1.697
1.641
5.846
5.542
1.696
1.445
5.568
5.881
0.041
1.712
6.376
1.573
5.746
1.745
10.37
1.636
5.989
6.324
1.647
6.458
1.759
1.83
1.931
1.852
5.792
1.661
5.725
6.64
1.896
1.968
1.695
5.793
5.86
1.882
1.757
6.209
2.047
1.787
5.805
1.718
5.959
1.758
1.864
5.961
1.689
1.915
6.031
1.817
6.047
1.647
5.631
5.646
1.761
2.114
6.248
2.454
5.725
5.98
1.734
6.307
5.684
6.276
5.908
5.947
1.784
9.391
5.777
1.686
6.776
1.565
1.615
1.598
1.663
1.669
1.67
2.499
1.655
1.799
1.678
1.708
2.933
6.541
1.902
6.61
6.074
1.909
1.732
1.734
5.965
1.7
1.776
1.764
5.968
1.815
5.911
7.48
5.591
1.862
1.829
1.966
6.574
5.766
1.776
5.864
2.006
5.503
5.601
1.542
1.41
6
22.557
6.391
1.638
5.834
1.475
1.735
5.756
2.293
1.773
6.005
9.195
6.949
1.641
6.428
1.662
5.845
1.864
6.227
8.429
2.27
5.699
5.746
6.078
2.507
1.78
1.619
1.569
5.887
1.727
1.637
1.718
1.722
5.729
5.968
1.52
1.811
1.606
6.233
1.737
1.577
6.013
2.536
1.805
5.833
5.634
1.642
6.356
1.728
5.663
6.018
6.577
5.631
2.494
6.142
1.647
5.782
5.977
1.846
1.46
1.616
1.636
2.195
2.001
1.552
6.094
6.528
1.622
1.594
5.816
6.082
6.099
1.824
6.109
1.911
3.088
2.351
5.941
6.875
2.033
1.776
6.222
1.628
1.504
3.089
6.319
6.914
1.834
5.506
1.567
1.668
2.139
5.797
5.741
1.644
7.281
1.525
1.556
1.915
6.144
6.223
1.594
1.576
1.803
5.866
6.112
1.495
1.401
6.244
1.723
1.814
1.815
1.546
1.733
6.127
5.986
1.671
1.802
1.546
1.844
1.912
5.807
1.622
1.776
1.728
5.589
0.05
1.849
5.876
1.661
6.07
5.815
1.781
1.728
5.284
1.642
5.315
1.599
1.723
1.624
5.167
1.647
5.248
1.533
1.64
5.021
4.778
1.698
1.559
3.64
1.615
1.465
1.538
1.586
1.632
4.633
0.181