1.982
4.878
2.428
3.269
2.004
2
6.373
2.343
8.416
2.116
6.827
2.372
2.158
2.381
9.401
1.929
9.183
2.238
2.446
3.477
13.585
73.057
2.405
5.661
3.032
1.879
3.779
1.801
1.768
6.659
8.648
36.922
1.399
1.962
33.068
1.665
4.092
2.999
2.781
1.974
2.406
3.808
1.524
5.695
1.815
7.485
1.747
1.944
3.423
1.885
1.675
4.615
1.79
6.682
2.646
3.02
5.828
6.135
2.505
3.552
2.762
31.167
3.092
0.487
2.252
3.487
7.036
3.87
17.66
2.032
23.701
40.691
6.735
78.812
1.696
2.165
3.428
3.91
7.272
9.863
2.23
3.084
2.098
2.059
2.078
2.529
2.589
3.594
8.248
7.674
2.337
2.762
2.015
3.85
4.554
2.028
3.924
1.808