4.042
0.933
0.609
0.349
0.223
0.826
0.721
0.884
1.319
8.55
2.858
1.207
1.599
0.851
0.638
1.433
0.854
1.255
2.841
1.697
0.696
1.199
6.737
0.721
1.09
0.996
2.497
29.318
21.705
2.884
0.654
2.872
20.548
21.613
26.345
21.897
31.638
47.387
43.532
0.637
20.116
22.13
19.706
22.541
50.239
19.898
22.4
0.625
0.59
0.633
0.654
13.853
0.764
33.301
12.114
11.304
23.655
12.153
11.076
10.613
1.03
10.058
23.459
14.388
18.698
6.639
14.252
7.089
3.731
0.839
11.814
10.502
9.962
8.159
6.425
11.469
5.826
20.626
0.615
8.07
7.212
20.322
15.817
17.336
20.357
13.612
11.527
9.843
20.055
15.649
10.264
18.695
10.197
18.196
9.098
15.069
11.909
26.474
13.693
3.29
20.498
20.979
11.401
10.196
12.287
23.828
15.348
11.332
10.971
18.749
22.062
22.076
11.597
5.061
17.094
10.368
18.077
20.707
16.256
2.311
4.968
10.433
13.491
31.917
19
12.607
0.593
19.386
20.474
18.062
17.962
22.056
21.418
16.942
21.491
19.392
18.809
19.034
20.53
35.669
21.171
18.799
21.001
19.777
21.333
0.667
13.898
20.386
19.393
18.664
17.963
12.6
43.814
24.718
23.032
0.757
20.755
0.818
60
17.558
24.499
0.595
21.86
19.569
26.811
0.498
0.588
0.644
0.706
19.045
0.179
0.696
0.811
0.651
0.654
0.64
21.432
0.696
0.653
20.59
20.713
0.867
0.839
0.69
1.148
3.147
4.566
2.933
11.892
0.632
0.547
0.56
0.692
0.633
31.779
0.64
0.798
2.855
0.14
0.735
0.612
0.643
0.65
0.634
0.186
0.797
0.052
0.768
0.794
13.091
0.63
0.8
20.196
0.659
0.628
34.009
0.628
18.547
0.583
0.667
18.859
25.688
18.74
3.07
67.648
20.429
44.802
21.885
29.505
23.385
60
22.394
42.176
21.682
21.467
42.526
20.719
20.837
18.482
21.923
17.616
15.056
16.524
21.999
21.309
28.5
22.489
21.705
19.272
17.398
13.085
18.517
49.517
23.707
24.106
32.324
18.107
21.393
41.163
43.537
35.66
0.577
25.753
26.051
19.585
22.322
24.482
31.941
41.933
21.565
20.756
49.659
21.996
19.752
23.226
29.234
28.508
21.553
21.067
21.725
47.333
30.088
34.868
35.42
21.188
21.404
19.752
19.429
21.302
3.835
21.536
19.884
23.608
20.742
18.936
36.494
21.539
40.297
21.189
21.361
25.85
20.469
22.223
21.399
21.792
58.34
36.387
20.734
24.948
24.625
22.375
23.095
22.846
23.057
24.452
20.203
23.854
40.238
20.391
46.668
28.512
19.19
22.462
28.111
17.859
16.239
20.199
20.799
23.206
23.93
21.755
26.139
15.295
23.374
20.949
19.974
20.991
19.336
22.264
26.719
40.259
16.988
18.795
40.064
21.325
22.344
20.663
22.467
20.908
16.842
7.266
21.007
27.713
21.425
20.85
24.264
23.536
18.758
31.854
21.118
49.047
36.532
21.311
23.421
35.962
22.107
31.458
31.484
35.191
27.772
35.06
23.049
17.845
18.602
20.412
20.497
19.573
45.282
21.219
16.058
20
20.933
14.658
26.619
35.569
21.291
20.559
18.68
20.642
20.992
38.996
21.792
22.265
31.056
35.947
18.605
24.576
2.868
38.7
19.219
39.15
25.316
20.892
24.645
21.306
23.48
18.72
16.253
19.823
33.71
29.908
22.075
21.327
22.475
20.928
24.838
26.729
18.875
23.224
22.364
20.944
20.875
20.673
1.592
18.914
20.801
0.731
0.67
1.578
19.21
22.352
7.498
0.624
22.761
20.384
20.759
0.338
2.859
0.635
0.618
6.835
21.998
17.686
17.228
0.747
0.056
0.6
20.86
19.365
18.607
17.943
7.923
0.604
0.75
1.114
18.263
0.8
60
1.181
0.68
16.036
29.296
18.342
19.228
19.15
16.723
27.511
18.16
21.182
2.283
37.888
60
19.31
8.444
0.049
0.629
0.749
0.618
0.609
0.944
0.613
0.627
0.856
0.691
0.59
0.953
1.647
1.298
3.011
5.898
0.976
0.966
0.871
0.895
0.971
1.025
3.156
0.845
0.935
1.083
0.98
0.929
1.978
3.026
6.572
1.982
1.04
0.769
0.77
6.685
0.651
0.657
1.646
0.627
1.425
0.619
0.574
0.901
0.043
0.699
0.691
3.094
0.68
1.014
4.525
9.671
5.517
3.011
2.711
0.856
1.391
1.48
9.147
0.608
14.14
2.768
1.182
2.061
0.58
2.205
1.602
0.648
2.55
0.775
7.814
31.928
0.779
1.711
0.044
0.65
0.635
9.501
1.038
2.842
2.845
3.503
2.877
2.785
4.96
3.099
2.136
2.41
3.386
2.824
5.376
4.262
6.518
2.843
2.793
2.76
2.963
5.686
3.062
3.576
2.884
2.855
5.204
4.444
2.936
3.079
9.621
0.654
2.927
0.883
0.661
0.624
3.652
6.528
1.108
23.381
0.838
0.788
0.643
0.805
4.247
3.215
1.091
1.455
1.036
0.788
0.648
0.6
0.633
0.816
0.588
0.748
0.75
0.744
0.804
0.625
0.719
0.634
20.971
0.748
0.597
0.705
0.601
0.661
0.608
0.647
0.709
0.584
2.867
0.68
0.613
0.294
0.851
0.641
0.645
2.849
0.622
0.615
0.562
0.654
0.614
0.629
0.587
0.607
0.634
0.626
0.595
0.671
0.602
0.863
0.95
1.051
0.634
0.777
0.672
0.661
0.537
0.661
14.547
0.796
0.613
14.004
0.637
0.659
0.631
2.911
0.613
0.662
0.717
0.596
0.631
0.638
2.912
0.633
0.635
0.625
0.652
0.712
0.705
0.865
0.664
0.763
0.674
12.052
7.415
2.596
0.635
0.83
0.299
0.795
0.84
0.641
0.622
0.653
0.602
0.747
0.661
0.628
0.768
0.634
0.978
0.65
0.937
0.651
0.8
0.609
0.621
2.861
0.85
0.585
0.623
0.613
0.644
0.79
0.622
0.64
0.651
0.624
0.878
0.618
0.624
0.764
0.658
0.64
0.536
0.673
8.668
0.957
0.655
0.827
0.623
0.69
0.64
0.647
0.592
0.819
0.715
0.648
0.591
0.601
0.655
0.646
0.588
0.675
0.595
0.612
1.079
1.067
2.869
0.518
0.616
0.641
0.789
0.648
0.629
0.692
0.586
2.631
0.672
0.82
0.625
0.952
0.619
2.928
0.639
0.635
0.66
0.632
0.612
0.625
0.658
0.637
0.942
0.683
0.598
0.613
0.849
0.594
0.791
0.725
0.648
0.652
0.673
0.635
0.653
0.64
0.654
0.627
0.629
2.869
0.643
0.72
0.627
0.652
0.614
0.631
0.706
0.605
0.672
2.314
3.863
1.305
0.911
63.391
0.762
0.854
0.476
0.601
0.637
0.628
0.66
0.65
0.61
0.964
0.693
1.646
0.937
0.747
0.644
0.758
0.612
0.608
1.754
3.984
6.989
0.435
2.121
2.624
0.775
0.709
1.03
3.395
1.647
0.294
3.781
1.732
1.472
5.106
5.55
9.141
7.105
2.738
4.895
3.55
2.76
4.896
1.438
2.099
1.657
1.574
1.921
1.576
1.528
5.984
1.634
1.687
0.208
0.572
0.585
0.593
0.588
1.681
18.037
0.609
3.384
0.7
0.182
0.178
6.613
1.229
2.077
1.919
0.872
0.67
4.443
0.797
0.739
3.117
1.573
5.965
2.896
0.669
0.945
2.866
1.696
4.696
60
1.437
0.91
0.537
0.697
1.035
1.128
11.321
1.234
0.727
0.778
2.815
60
60
60
60
60
60
60
60
60
60
3.971
5.966
3.959
3.999
3.639
0.649
0.045
0.045
3.471
1.256
1.005
1.514
0.625
0.631
0.609
0.679
0.706
60
0.776
39.797
0.631
0.627
0.618
0.664
2.679
0.703
1.927
2.577
2.453
2.352
2.5
3.586
2.387
3.214
2.431
2.39
2.426
2.335
3.139
0.775
16.894
0.955
3.775
0.822
0.82
1.106
1.86
4.325
0.829
1.198
0.885
0.178
20.922
17.277
1.472
0.97
1.093
2.878
1.13
0.744
0.702
1.132
1.328
1.115
0.818
9.818
0.623
0.185
0.855
0.62
2.856
0.589
0.655
0.614
0.749
0.589
0.604
0.622
0.601
0.602
0.609
0.606
0.591
0.581
0.603
0.646
0.641
0.606
0.586
0.611
0.221
1.01
1.404
1.296
0.858
2.924
0.597
2.879
0.657
0.621
1.622
0.622
0.617
0.599
24.851
0.614
0.76
0.841
0.653
1.493
3.783
0.575
2.328
1.964
0.632
2.37
2.321
2.143
0.14
1.17
1.68
1.917
1.516
1.54
2.535
2.261
2.528
1.498
1.492
1.594
6.188
2.678
1.643
2.316
2.356
0.761
1.221
0.654
0.725
2.901
5.876
4.374
1.951
0.7
0.67
2.813
21.52
0.985
4.04
4.389
0.647
2.624
1.184
0.729
0.66
0.68
70.814
1.064
8.004
0.698
8.833
9.403
0.752
1.029
1.063
0.187
0.615
0.611
0.589
0.591
0.601
0.937
1.103
1.44
2.382
2.307
10.999
4.818
4.301
2.778
3.803
6.221
38.824
3.385
9.817
0.617
1.087
0.682
0.652
0.953
5.125
0.766
0.765
2.778
0.336
0.344
0.679
0.051
0.953
0.678
0.813
3.476
0.799
0.594
1.306
0.789
1.494
2.894
0.684
2.643
0.662
0.738
1.642
3.684
42.927
0.772
0.941
8.749
0.74
20.637
62.672
1.506
0.699
8.121
22.813
0.195
1.062
55.178
1.236
0.901
0.994
0.192
0.189
1.122
3.059
0.916
1.903
2.309
2.782
10.91
6.075
3.956
72.842
11.576
13.857
50.924
1.364
0.673
0.677
1.507
1.191
25.757
1.592
1.968
0.93
0.627
0.901
0.418
1.962
27.926
2.218
7.567
9.985
0.044
2.976
1.89
1.831
1.929
1.92
1.916
1.887
1.936
1.886
1.901
1.878
2.081
0.796
1.961
1.659
1.961
60
0.833
0.612
0.583
0.728
0.044
0.801
0.742
0.599